100
-5 1.48672e-06 0
-4.89899 2.45106e-06 0
-4.79798 3.99989e-06 0
-4.69697 6.46117e-06 0
-4.59596 1.0331e-05 0
-4.49495 1.6351e-05 0
-4.39394 2.56161e-05 0
-4.29293 3.97238e-05 0
-4.19192 6.09759e-05 0
-4.09091 9.26477e-05 0
-3.9899 0.000139341 0
-3.88889 0.00020744 0
-3.78788 0.000305686 0
-3.68687 0.00044589 0
-3.58586 0.000643795 0
-3.48485 0.000920105 0
-3.38384 0.00130165 0
-3.28283 0.00182273 0
-3.18182 0.0025265 0
-3.08081 0.00346644 0
-2.9798 0.00470779 0
-2.87879 0.00632877 0
-2.77778 0.00842153 0
-2.67677 0.0110926 0
-2.57576 0.0144624 0
-2.47475 0.0186646 0
-2.37374 0.0238433 0
-2.27273 0.0301496 0
-2.17172 0.0377369 0
-2.07071 0.0467541 0
-1.9697 0.057338 0
-1.86869 0.0696039 0
-1.76768 0.0836362 0
-1.66667 0.0994771 0
-1.56566 0.117117 0
-1.46465 0.136486 0
-1.36364 0.157443 0
-1.26263 0.179775 0
-1.16162 0.20319 0
-1.06061 0.227323 0
-0.959596 0.251742 0
-0.858586 0.275953 0
-0.757576 0.299423 0
-0.656566 0.32159 0
-0.555556 0.341892 0
-0.454545 0.359787 0
-0.353536 0.374774 0
-0.252525 0.386423 0
-0.151515 0.394389 0
-0.0505052 0.398434 0
0.0505052 0.398434 0
0.151515 0.394389 0
0.252525 0.386423 0
0.353535 0.374774 0
0.454545 0.359787 0
0.555555 0.341892 0
0.656566 0.32159 0
0.757576 0.299423 0
0.858586 0.275953 0
0.959596 0.251742 0
1.06061 0.227324 0
1.16162 0.20319 0
1.26263 0.179775 0
1.36364 0.157443 0
1.46465 0.136486 0
1.56566 0.117117 0
1.66667 0.0994772 0
1.76768 0.0836362 0
1.86869 0.069604 0
1.9697 0.057338 0
2.07071 0.0467542 0
2.17172 0.0377369 0
2.27273 0.0301496 0
2.37374 0.0238433 0
2.47475 0.0186646 0
2.57576 0.0144624 0
2.67677 0.0110926 0
2.77778 0.00842154 0
2.87879 0.00632878 0
2.9798 0.00470779 0
3.08081 0.00346644 0
3.18182 0.0025265 0
3.28283 0.00182273 0
3.38384 0.00130165 0
3.48485 0.000920106 0
3.58586 0.000643796 0
3.68687 0.00044589 0
3.78788 0.000305686 0
3.88889 0.000207441 0
3.9899 0.000139341 0
4.09091 9.26477e-05 0
4.19192 6.09759e-05 0
4.29293 3.97239e-05 0
4.39394 2.56161e-05 0
4.49495 1.6351e-05 0
4.59596 1.0331e-05 0
4.69697 6.46116e-06 0
4.79798 3.9999e-06 0
4.89899 2.45106e-06 0
5 1.48672e-06 0
