100
-1 0 0 0 0 0
-0.984 0.000250659 0 0 1 0
-0.968 0.00219665 0 0 1 0
-0.952 0.00778831 0 0 1 0
-0.936 0.0188739 0 0 1 0
-0.92 0.0369331 0 0 1 0
-0.904 0.0629199 0 0 1 0
-0.888 0.0971938 0 0 1 0
-0.872 0.139523 0 0 1 0
-0.856 0.189138 0 0 1 0
-0.84 0.244826 0 0 1 0
-0.824 0.305045 0 0 1 0
-0.808 0.368039 0 0 1 0
-0.792 0.431962 0 0 1 0
-0.776 0.494983 0 0 1 0
-0.76 0.555375 0 0 1 0
-0.744 0.611591 0 0 1 0
-0.728 0.662314 0 0 1 0
-0.712 0.706489 0 0 1 0
-0.696 0.743342 0 0 1 0
-0.68 0.772375 0 0 1 0
-0.664 0.793356 0 0 1 0
-0.648 0.806298 0 0 1 0
-0.632 0.811426 0 0 1 0
-0.616 0.809143 0 1 0 0
-0.6 0.8 0 1 0 0
-0.584 0.784654 0 1 0 0
-0.568 0.763838 0 1 0 0
-0.552 0.738327 0 1 0 0
-0.536 0.708911 0 1 0 0
-0.52 0.676374 0 1 0 0
-0.504 0.641468 0 1 0 0
-0.488 0.604903 0 1 0 0
-0.472 0.567332 0 1 0 0
-0.456 0.529346 0 1 0 0
-0.44 0.491464 0 1 0 0
-0.424 0.454137 0 1 0 0
-0.408 0.417745 0 1 0 0
-0.392 0.3826 0 1 0 0
-0.376 0.348949 0 1 0 0
-0.36 0.316979 0 1 0 0
-0.344 0.286824 0 1 0 0
-0.328 0.25857 0 1 0 0
-0.312 0.23226 0 1 0 0
-0.296 0.207902 0 1 0 0
-0.28 0.185472 0 1 0 0
-0.264 0.164924 0 1 0 0
-0.248 0.14619 0 1 0 0
-0.232 0.129188 0 1 0 0
-0.216 0.113825 0 1 0 0
-0.2 0.1 0 1 0 0
-0.184 0.0876087 0 1 0 0
-0.168 0.0765441 0 1 0 0
-0.152 0.0667001 0 1 0 0
-0.136 0.0579725 0 1 0 0
-0.12 0.0502604 0 1 0 0
-0.104 0.0434679 0 1 0 0
-0.088 0.0375038 0 1 0 0
-0.072 0.0322828 0 1 0 0
-0.0560001 0.0277255 0 1 0 0
-0.0400001 0.0237589 0 1 0 0
-0.024 0.0203156 0 1 0 0
-0.00800002 0.0173347 0 1 0 0
0.00800002 0.0147605 0 1 0 0
0.0239999 0.0125432 0 1 0 0
0.04 0.0106378 0 1 0 0
0.056 0.0090044 0 1 0 0
0.0719999 0.00760731 0 1 0 0
0.0880001 0.00641503 0 1 0 0
0.104 0.00539975 0 1 0 0
0.12 0.00453703 0 1 0 0
0.136 0.00380546 0 1 0 0
0.152 0.00318636 0 1 0 0
0.168 0.00266347 0 1 0 0
0.184 0.0022227 0 1 0 0
0.2 0.00185185 0 1 0 0
0.216 0.00154041 0 1 0 0
0.232 0.00127934 0 1 0 0
0.248 0.00106087 0 1 0 0
0.264 0.000878374 0 1 0 0
0.28 0.000726187 0 1 0 0
0.296 0.000599486 0 1 0 0
0.312 0.000494177 0 1 0 0
0.328 0.000406788 0 1 0 0
0.344 0.000334385 0 1 0 0
0.36 0.00027449 0 1 0 0
0.376 0.000225018 0 1 0 0
0.392 0.000184216 0 1 0 0
0.408 0.000150614 0 1 0 0
0.424 0.000122982 0 1 0 0
0.44 0.000100291 0 1 0 0
0.456 8.16842e-05 0 1 0 0
0.472 6.64466e-05 0 1 0 0
0.488 5.39854e-05 0 1 0 0
0.504 4.38082e-05 0 1 0 0
0.52 3.55073e-05 0 1 0 0
0.536 2.87455e-05 0 1 0 0
0.552 2.32444e-05 0 1 0 0
0.568 1.87746e-05 0 1 0 0
0.584 1.51472e-05 0 1 0 0
